1 11 6.140064592748332
1 54 7.989912563838124
1 79 6.044765239904319
1 80 0.20666666666664923
1 84 7.763402747650211
1 86 6.925126001661574
1 104 2.5481993915094034
2 39 8.198782856142595
2 52 5.6568905009325725
2 66 2.328333333333319
3 21 2.0650000000001683
3 45 8.533538525357333
3 62 13.128378008083446
3 101 15.701787531515649
3 102 11.354775464235379
3 103 7.103878343231217
4 63 11.347770943076208
4 100 15.346922654906491
4 102 8.843921526212263
5 26 4.669290673361635
5 43 5.289333333333332
5 70 7.443763493920109
5 73 6.257978144316475
6 9 12.886866925502966
6 20 3.533719311170532
6 40 6.920366038207599
6 94 13.725182870733395
6 95 12.850062601514772
6 96 12.928674627077841
6 111 5.816675152960554
7 35 5.360411666666664
7 50 4.794591424435009
7 88 6.042556008343058
7 89 2.7896250011957435
7 109 2.13442348970503
8 74 2.3510509158915984
8 105 6.356396881101309
8 106 3.110494723345795
8 107 2.1326024285847613
9 40 6.348878333333346
9 94 8.178477063780491
9 95 4.402815237247416
9 96 1.3899879094210579
10 68 4.40909693469239
10 111 1.6519003497868918
10 112 5.771599363267396
11 54 5.5770365993872755
11 80 6.234527593509601
11 84 9.296121929350326
11 86 11.103267124680546
12 13 6.736787124211831
12 18 9.197754809448067
12 30 2.1880258098214225
12 114 12.969583333333333
12 115 14.257937512769947
12 116 16.56558577648426
13 18 2.771777854053635
13 30 4.788916666666665
13 114 15.624908362842392
13 115 12.342093677622803
13 116 17.21277200906671
14 51 2.0649999999999977
14 56 5.703975055197053
14 58 4.086351836334165
14 81 8.507961312453007
15 36 2.237896457737798
15 59 15.552461551415874
15 116 5.5461525229058335
15 117 12.443026166027426
16 34 1.5547708333333503
16 46 2.4711846293270097
16 109 2.659995497490835
16 110 3.804231292550865
17 77 5.721213082494783
17 78 7.104942074926842
17 104 6.0711558360070805
18 30 7.427815538475018
18 50 5.663562931152037
18 114 16.00092388695455
18 115 11.019583336169035
18 116 16.684977381947867
19 25 3.499229424861656
19 29 6.640496624203206
19 37 7.769474875012022
19 61 2.0649999999999977
19 65 5.549107026989395
19 91 9.815463678760446
19 92 2.501891188828195
20 32 7.547866926415846
20 111 3.460735417037223
21 45 9.158406825448687
21 62 13.542874323414376
21 101 15.392014082033784
21 102 9.930308823321283
21 103 5.038878347287285
22 27 12.384731431204589
22 29 5.9730143519590495
22 61 6.67820166666732
23 38 2.9150369812255468
23 72 6.8329218372331635
23 112 1.2858520413412426
23 113 6.6074999411440825
24 113 5.816318295591057
25 37 5.88712500000014
25 61 3.433200387561364
25 65 3.3125833333332935
25 91 8.690679944190878
25 92 3.4440847301530675
26 60 6.181119986845244
26 92 7.91588703835955
26 93 4.1547750933463385
27 29 11.6236754455399
28 52 3.979379226434377
28 67 16.436849431931083
28 79 12.490585009874007
28 87 3.1781589709208267
30 114 14.266776704452862
30 115 14.135578272227457
30 116 17.312560373941956
31 39 3.3712848713848755
31 57 2.897055249396443
31 81 1.8188839164140829
33 44 5.159029318286966
33 83 3.1092841934659754
34 46 4.02581979450087
34 109 1.5121261780534287
34 110 5.220348233171133
35 50 5.692225187119999
35 88 2.7896250195190944
35 89 6.042776294843841
35 105 2.1853059846955603
36 59 14.948458207470482
36 116 6.7916117087020815
36 117 12.929310532730536
37 61 5.9660013339569735
37 65 2.574541666666846
37 91 3.1192514228956134
37 92 9.060378592412754
38 72 4.912551666666843
38 112 2.0687821122644614
38 113 5.2105959357642995
39 52 13.003010243492227
39 66 5.904064407014703
39 81 1.7065840566351353
40 94 10.544150705120828
40 95 7.979749934857265
40 96 6.798800879409047
41 42 5.1590293182867955
41 99 3.1383221080807804
42 55 9.280904348515275
42 93 11.575884854283375
42 99 2.8141568726830055
43 70 4.301442788708091
43 73 1.5016942318107902
44 59 2.526439772205277
44 83 2.7778406859090077
44 90 10.692263018243413
45 62 4.651374999999916
45 101 8.577834964232341
45 102 10.042936366822943
45 103 12.109572064704878
46 109 4.974278612355712
46 110 2.0648796452692215
47 49 2.9674546394298216
47 64 2.228333333333296
47 67 4.430799350802649
47 69 3.0016245018009537
47 98 6.367445861437452
48 100 15.155631179348594
48 101 5.52834165409884
49 64 2.8937125074826833
49 67 2.2949999999998454
49 69 4.1188651721971485
49 78 4.696612406910892
49 98 5.19060328763758
50 88 3.923320270206061
50 89 2.445644143358764
51 56 7.767975122062089
51 81 10.504659446845272
52 66 7.716440409252261
52 87 3.0881629967416755
53 55 11.493668909447502
53 60 7.641208294254024
53 85 12.646620650944222
53 86 12.630002446775515
53 87 3.843060936429574
54 80 8.184974886271133
54 84 5.252400773826089
54 86 8.823460874597659
54 99 7.99666666666667
54 118 3.998333333333335
55 85 4.729484350563215
55 86 10.769049562158305
55 87 14.028206134823872
55 93 3.2295666687739524
56 57 2.7506645661649345
56 58 2.750664566164978
56 76 3.513333333333321
56 81 3.5914909083059623
57 58 4.233333333333292
57 76 2.7506645661649345
58 76 2.750664566164978
59 90 8.481061008840785
59 116 12.216409170302581
59 117 7.25057828629454
60 92 3.01364684745591
60 93 9.18371682474027
61 65 4.08091631421798
61 91 7.787743049972799
61 92 4.275350270726767
62 101 5.516848526867589
62 102 11.360172700250383
62 103 15.689846284091043
63 100 8.578600290216308
63 102 11.103322475371206
64 67 2.9952826120354956
64 69 5.090476442974488
64 98 4.216797041265583
65 82 3.548516329729737
65 91 5.475037203387147
65 92 6.545978346844883
67 69 6.331360616545032
67 79 9.488307362115313
67 98 3.0348849961136293
68 111 4.830557987667974
68 112 2.3910568153941765
69 77 3.873075859703706
69 98 8.900416675468733
70 73 2.9758333333333553
71 96 2.345090571456974
71 97 3.1165683704648646
71 98 7.116230610724039
72 112 6.667772159247068
72 113 1.2776717848690335
74 105 4.031030391901814
74 106 2.087425503232905
74 107 3.033955635505194
75 114 4.225784881279115
76 110 3.515398369238497
77 78 2.0407685099273807
77 104 7.907434704827513
78 104 7.665390201708159
79 80 5.9621172716671005
79 104 5.973333333333358
80 84 7.958650080956662
80 86 7.052552187762335
80 104 2.345415889441472
83 119 4.029166666666697
84 85 4.641081351485978
84 86 4.274860377836931
85 86 6.720833333333303
85 87 13.989331475767077
86 87 11.987449571206604
88 89 5.359999999999957
88 90 10.668333333333408
89 91 11.552916666666704
91 92 11.552916666666647
92 93 11.552916666666647
94 95 3.7808333333333053
94 96 6.818333333333328
95 96 3.0375000000000227
95 97 1.724055498268871
96 97 1.4044655962718218
96 98 8.90083333333331
97 98 8.635174393465089
99 118 3.998333333333335
100 101 9.965000000000032
100 102 9.130368017713641
101 102 9.1594261176973
101 103 15.785902312049044
102 103 7.7727881812841995
105 106 4.224580929249376
105 107 6.280577258058698
106 107 2.1216666666666697
107 108 2.0770078973262582
109 110 5.674726192611484
111 112 6.686666666666667
112 113 6.686666666666667
114 115 9.427663821906714
114 116 5.460558070787756
115 116 6.807106835669827
115 117 5.712380438816978
116 117 7.325833333333321
118 125 5.613899024160352
119 123 6.09086370520167
120 130 5.822392223726615
120 149 2.075315906340626
120 176 17.75384845936472
121 152 10.986958333333178
121 162 16.12936780901305
122 174 5.728425330469057
122 175 7.00017428890864
123 171 7.854264967222816
124 125 4.701236759184006
124 135 3.2534416666666743
124 148 3.504308333333313
124 170 19.979709360528474
125 135 2.1950968625805665
125 148 8.02488107431783
125 170 22.047511971387642
126 159 1.8902929655016945
126 160 4.092114969450542
127 137 7.248186251268583
127 145 6.307666666666648
127 161 7.608917210456703
128 133 12.189401666666697
128 134 10.1244016666667
128 140 20.87706833333334
128 143 2.064999999999941
128 150 22.94206833333334
128 169 10.346103310634637
129 155 2.0649999999999977
129 169 13.838740807876011
129 170 10.837120981854694
130 149 3.762077554168794
130 176 15.674588333731178
131 154 6.16353666666663
131 160 1.9011778324635764
131 161 7.506375507643869
132 141 2.596042731321336
132 147 5.048128650969335
133 134 2.0649999999999977
133 140 8.687666666666644
133 143 14.254401666666638
133 150 10.752666666666642
133 169 18.900623505524155
134 140 10.752666666666642
134 143 12.18940166666664
134 150 12.81766666666664
134 169 17.144731994043312
135 148 6.757749999999987
135 164 6.516439506110813
135 167 7.392018153283123
135 170 22.381933288384705
136 138 4.443015693535674
136 151 2.4153594165488523
137 145 3.059524172476561
137 161 1.7590662935349017
138 147 11.704283333333365
138 151 6.714920008848023
138 172 12.005396845441611
138 173 1.3438454988846675
139 144 2.5730527529267273
139 146 3.0310058125991493
139 156 4.24206434649756
139 163 5.407824029984075
140 143 22.94206833333328
140 150 2.0649999999999977
140 169 26.775435833838735
141 147 7.326309217944909
142 159 2.959429304785627
143 150 25.00706833333328
143 169 9.700121073865972
144 146 2.0649999999999977
144 156 3.851891371841931
144 163 5.808299386694543
145 161 1.9072488269239818
146 156 5.841217660482758
146 163 3.82006414197566
147 172 1.2912922087692356
147 173 12.209968746619655
148 170 17.69918611760732
149 176 16.99922771109446
150 169 28.716270843815156
152 162 5.768013083859989
153 163 1.8827412182311525
154 160 7.4575412247938315
154 161 1.9314126630653683
155 169 12.413563585754634
155 170 11.978008526407436
156 158 9.65896363344542
156 163 9.304166666666674
156 177 9.891020233019443
157 165 11.015030419335607
157 167 11.322942080621587
157 168 5.933634414177423
157 177 14.753366894448938
158 162 16.85166666666663
158 177 9.449968988779233
159 160 4.447268902871111
160 161 8.486666666666679
164 165 1.9370755807545226
164 166 3.0837955734595495
164 167 1.9843038591797517
165 166 1.6347825203643633
165 167 3.0866666666667015
165 168 5.608045807389425
166 168 6.0183333333333735
167 168 7.09365914038732
169 170 15.361666666666679
171 172 12.377500000000111
172 173 12.377499999999998
173 174 12.377499999999998
174 175 12.377499999999998
