deviceId	floorId	partitionId	location_x	location_y
210	91	1	343.0978412886542	267.97083315712314
211	91	1	343.7972808168051	271.03628860269714
212	91	2	342.7166282995034	282.80947108973197
213	91	2	342.62116506043134	286.83395533706323
214	91	3	324.58231549513386	282.7981166375351
215	91	4	379.3179531835423	293.91851711053613
216	91	4	382.2634913413423	293.8503720675778
217	91	4	382.49316743032546	299.6528827256302
218	91	5	370.2902278037388	248.41869986280258
219	91	5	375.7030195841551	248.8852968368595
220	91	5	376.8127437122302	249.00230811156086
221	91	6	366.2192418919147	246.95790471293645
222	91	7	310.11771321105203	265.81478060770297
223	91	8	321.3924084545559	289.07045310853374
224	91	9	334.71351637872186	244.73539139675796
225	91	9	339.24163915284487	241.71251509778418
226	91	10	356.4215088625641	280.5223298774788
227	91	12	337.36918777510806	286.70427867926907
228	91	13	346.551844965207	281.2549312741169
229	91	14	382.2575941189469	291.1260145153207
230	91	15	365.3595370566207	297.8225317371339
231	91	15	365.9337114813505	294.1007472367145
232	91	17	376.3225091553032	254.34979741340953
233	91	17	382.41473497962477	259.64687640104614
234	91	17	367.5708868134338	250.74005023703475
235	91	18	350.77800311046974	271.4598407851041
236	91	21	357.1966651657739	294.73348536722546
237	91	22	321.4108414941383	264.5739316775937
238	91	23	338.75111213564736	277.1173480449311
239	91	23	332.2570084569295	280.0283699452063
240	91	23	333.64389999327034	278.8398833009881
241	91	24	356.2803035216168	258.2514094024758
242	91	25	372.47065274698167	293.6107029580962
243	91	25	368.42460917064926	295.581167257686
244	91	26	325.9037031617994	299.5102508562614
245	91	28	329.83368545454806	285.7165175420847
246	91	29	302.00929395004937	242.8629311665275
247	91	29	304.6514504287378	241.2934432045971
248	91	30	361.7712036134448	253.94164364918205
249	91	32	349.30600551587264	275.96609340425005
250	91	32	348.50974292709685	275.3973963779949
251	91	32	347.42079858840367	273.2261405163412
252	91	33	335.9765812585756	256.2846227961537
253	91	33	339.03948441047476	257.05705779550993
254	91	33	332.3418691118704	252.16939299659603
255	91	34	323.8432025649674	280.28630302472334
256	91	34	329.44274515640586	278.62739470760783
257	91	35	353.465847268606	271.03948848917435
258	91	35	356.4203115827275	267.26945130450383
259	91	36	350.60993319249445	242.67608547668527
260	91	36	345.84616776609556	252.87248811625628
261	91	37	342.17720325080074	257.7443933201299
262	91	37	352.28413380325344	254.70958064921874
263	91	37	340.49555689822586	258.7808708867511
264	91	40	302.98189674941744	269.4763173179424
265	91	41	376.24279375526675	265.3769476830696
266	91	41	374.0286162633641	269.51351674318465
267	91	42	376.921598231795	277.3970994156293
268	91	42	375.0771700132324	275.19638759379166
269	91	42	381.21305829229755	276.94882321469294
270	91	43	367.0078046394016	273.9139654575203
271	91	43	362.47148300828104	267.49697128237733
272	91	43	371.81843536511366	271.91503628471173
273	91	45	337.80171396996553	296.33215723025216
274	91	46	329.87773594314035	241.09415228782495
275	91	46	324.3800249852735	241.8659225451989
276	91	46	323.09492296639496	242.36632700628522
277	91	47	344.22563099555913	293.62360326695267
278	91	47	345.3523109265461	294.49508234960007
279	91	48	325.19503697688384	256.85073120372806
280	91	49	360.42139907180035	258.7071725057477
281	91	50	370.2652196138952	284.9832749304859
282	91	50	368.6917304014101	288.61263856853407
283	91	50	367.063751774186	287.08802857729285
284	91	51	358.2596117119611	270.49285477936183
285	91	52	332.13281015763897	299.1668169450038
286	91	53	359.5353808546237	240.88200018315194
287	91	53	362.3550981250003	241.86836287754195
288	91	54	316.671209572956	264.7729728408037
289	91	55	377.86278532759906	288.5596061674232
290	91	56	331.9524210313997	263.3483051014117
291	91	57	324.3494664660415	263.2063480812479
292	91	58	305.99393585198226	262.34129996543146
293	91	59	336.2105555648278	261.3141041514921
294	91	60	353.70199306312344	261.32134356481754
295	91	61	360.4524286708456	263.8677426161483
296	91	62	370.439790101255	263.4598689946762
297	91	63	346.48532478763616	287.6756495010013
298	91	63	346.11181293628437	288.1668220974902
299	91	63	354.8333371058799	288.3573500932414
300	91	66	363.40796581786327	291.12800962866953
301	91	67	375.8266803395952	293.102291574643
302	91	69	379.79333370855954	264.93905871039453
303	91	70	313.65263913439156	291.38021613447034
304	91	70	302.01224966020186	291.6398342740433
305	91	70	316.9494580094005	292.2171473186993
306	91	71	300.5417811531135	272.6910403445498
307	91	71	310.10402895172876	273.57174926009475
308	91	71	306.15725194069995	280.5136388037937
309	91	73	312.96461534158175	282.3023976394374
310	91	73	314.3975957799121	275.7062366363076
311	91	73	318.10280763582773	284.12193908725413
312	91	74	381.4718088180944	287.57454488661654
313	91	74	380.5677013093334	283.6496104405566
314	91	75	373.59845258020545	280.77819320279866
315	91	77	329.00848731386895	271.7260231527632
316	91	82	333.1518013575609	270.59091213488904
317	91	83	332.36368057541534	276.3524443940062
318	91	88	319.8415598313642	245.14323843530255
319	91	89	322.17649517881847	246.8281077973194
320	91	89	322.61542308374703	253.6820804403531
321	91	89	317.881759878386	248.24198971112875
322	91	90	317.3528186176331	255.2550460867041
323	91	90	320.6376043262037	260.04370472785433
324	91	91	313.8006761535759	260.30760316994366
325	91	91	314.24595254984655	247.2105363654369
326	91	91	305.38024186802636	249.30910316524358
327	91	92	330.6370667800081	297.56099367087756
328	91	93	351.642124282937	297.5248888641103
329	92	94	328.6152531218673	273.8858431053679
330	92	94	324.82152288646535	272.4282333291089
331	92	95	370.9164979392687	267.45716028764673
332	92	97	339.2049195867505	284.2228788950577
333	92	97	333.31810144407234	281.56383108835024
334	92	98	351.18202539519575	285.14573910277034
335	92	99	362.36032893118846	285.3385227838812
336	92	100	358.3026891023599	261.41732896431887
337	92	101	346.06388346434284	292.64550966644975
338	92	101	347.2910128208648	287.91217019138605
339	92	101	350.0858904025171	289.62115480486017
340	92	102	344.34275453495644	263.7084635932733
341	92	103	327.84023384879083	291.0422706502827
342	92	104	351.12871647023593	279.276551406876
343	92	105	338.3552861192483	260.2886155495896
344	92	106	337.83786162222316	290.1143243421353
345	92	106	339.210980020916	292.00577439149305
346	92	107	348.32627849733996	281.31434757982043
347	92	107	348.681347310936	280.33937806300077
348	92	108	329.9438807741241	290.94911767624984
349	92	108	333.20997510019646	290.97750311103255
350	92	109	303.7831218688912	261.03298643836564
351	92	109	304.09923866046336	267.6568889563103
352	92	110	378.9021350046656	269.9382962792488
353	92	110	381.380076810356	266.03080797845456
354	92	111	314.38604689096724	260.5186562367957
355	92	111	313.16121708328023	261.8621376840686
356	92	112	349.91575435447993	277.11204503318595
357	92	112	348.14842252897785	276.2185519567424
358	92	112	345.6873752084589	271.90159138075364
359	92	115	324.80370883714517	285.51014622862016
360	92	116	329.75389196677753	260.7130848029308
361	92	117	361.50127008746125	277.65230697044734
362	92	117	359.18636713205836	276.7874655964849
363	92	117	361.0384681381777	274.0408811628785
364	92	120	326.8482233455979	260.485989963951
365	92	121	324.27833527583664	281.12402486039804
366	92	123	341.8479221774184	270.97992795255374
367	92	124	343.3480915810328	276.92959191109816
368	92	125	344.20209428061696	292.7531910856323
369	92	126	344.68913239827833	297.8009136707569
370	92	126	354.09458966171843	293.8331156884959
371	92	127	323.0913112625882	298.6501590112529
372	92	127	338.58363765123556	297.0351570881421
373	92	127	331.539041524728	297.3607134229974
374	92	128	358.29793793649907	275.59770305362366
375	92	129	356.88480345093126	279.2580041568185
376	92	131	377.6697976607332	270.09219295881513
377	92	132	374.3050709774936	277.70655357672877
378	92	132	376.4172655505056	280.87446623689266
379	92	132	379.00019064012855	273.4578076977579
380	92	133	365.44305774100314	273.3021470681165
381	92	133	369.7585662790559	277.7379503396257
382	92	133	364.86603990941165	269.2090818841052
383	92	134	327.42145075682595	243.95579002782998
384	92	134	306.28295200688405	259.903656841935
385	92	135	346.255726373273	242.83752890743395
386	92	135	359.69741061589883	244.542014595386
387	92	135	351.11658431343443	257.414056451842
388	92	136	372.24295636120064	251.53694661041467
389	92	136	377.76851207806493	263.20910257134165
390	92	136	370.8178553365684	251.17665794781865
391	92	137	309.1704120335672	261.8305889935946
392	92	137	308.980417034772	267.31723459529303
393	92	138	312.39483736472994	267.60039098547816
394	92	139	326.51143272226443	267.3094628186144
395	92	140	336.90163039053886	268.15912415420314
396	92	141	358.1541007778191	267.17882707719093
397	92	143	300.77654806913273	281.9864091150484
398	92	143	305.2636162643306	295.33672265163966
399	92	143	306.3346323910728	294.7275339032467
400	92	144	308.06191989166973	274.83317865913006
401	92	144	303.9783607147693	271.99140945979065
402	92	144	301.08687029270885	272.176030578331
403	92	145	367.70046970179595	297.7302361100748
404	92	145	368.448879864081	289.17628402893
405	92	145	367.410037490521	292.8214462595092
406	92	146	362.22099764707804	292.35304094865177
407	92	146	363.5341974011911	299.01748042169453
408	92	146	363.5364798090271	288.05586256589834
409	92	147	331.3616171564337	268.9018873030303
410	92	147	334.9623220223263	275.43490275660156
411	92	147	330.23758392951646	271.7675230859433
412	92	148	319.2583087550491	262.89746188204646
413	92	149	320.21531796305305	269.44394101495175
414	92	149	313.06546348310303	270.25856922083545
415	92	149	321.5516565211131	275.9260324206223
