1 13.691120525727621 51 14 81 56
2 13.489658719223021 39 81 31
3 9.430003682101313 62
4 11.36434348203966 47
5 19.23470431277797 70
6 9.40112788741624 73
7 8.673513000957444 4
8 9.430003682101313 48
9 12.946728458486207 30
10 9.742560266970681 2
11 3.9429036114123917 15
12 8.521296849658528 68
13 8.07535430939236 66
14 6.804991836063361 77 69
15 9.070883363818535 71
16 4.321613960341934 37
17 21.945425807873697 43 5 73 70
18 7.936021953374666 82
19 4.509315358233442 82 65
20 5.520885848806821 33 83 44
21 8.982655200131253 9
22 8.962553734535938 3
23 13.192093302218746 57 31
24 7.706549343109269 19 29
25 9.248981024956198 64
26 9.043359288573164 24
27 5.59846730017342 51
28 8.520189910507362 23
29 10.962617413535668 36
30 7.528627770790044 43
31 5.501329132329912 57 76 58 56
32 13.884687508987074 52 39 2 66
33 12.837913035657735 13
34 10.521642906145612 45
35 9.629598612841793 25
36 23.880160582467663 22 27 29
37 13.984373024518797 61 22
38 5.798935726110012 14 58
39 5.367377023380322 75
40 9.1026285886123 83 119
41 9.282162702972 85 84
42 13.217585087887885 80 1 84 54 11 86
43 18.00330378631159 87 85 53 86 55
44 6.860276152523944 52 87 28
45 8.656626395747695 10
46 12.467751512513306 12
47 9.710520354520453 20 32
48 8.626809794021316 50 18
49 7.698012730568861 26 5
50 17.24771112028745 79 28 67
51 8.706565849339711 60 53
52 8.600984762740218 38
53 9.549538237818362 27
54 8.312947398152179 21
55 8.826047466951978 49 78
56 7.933007171166363 50 35 88 89 7
57 11.169530229851082 90 88
58 11.169530229851027 90 44 59
59 12.017277268640754 89 91
60 12.017277268640699 92 37 65 25 61 19 91
61 12.017277268640699 92 26 60 93
62 12.017277268640754 93 55 42
63 17.676002957556804 9 6 94 40 95 96
64 3.306684307748667 94
65 3.448110996537687 97 95
66 9.30375749212231 71 98 97 96
67 9.30375749212231 98 47 67 64 49 69
68 5.5508120026612975 99 41 42
69 9.048082055822055 99 118 54
70 24.051743815273763 101 100 48
71 18.580055989031763 63 4 100 102
72 7.831666666666645 103
73 18.318852235394647 3 103 45 62 101 21 102
74 11.134271916524662 17 77 104 78
75 7.536228241707594 79 80 1 104
76 3.5921024484276503 105 35
77 8.671836919335757 107 106 74 105 8
78 1.4124938544605512 106
79 3.7162574513136892 107 108
80 2.155497493490612 108
81 4.280143105084228 109 7
82 8.43639289032939 34 109 16 110 46
83 7.558374678314015 76 110
84 7.152839374060571 68 111 10 112
85 7.152839374060571 20 6 111
86 7.152839374060571 38 113 72 23 112
87 7.152839374060571 113 24
88 8.468726291479785 114 75
89 19.408857442472627 114 13 18 115 116 30 12
90 11.424760877633856 117 115
91 19.968119104100825 117 36 59 15 116
92 8.530185780183482 72
93 8.837047175260409 40
94 9.921460046003489 132 141 147
95 9.139088363240115 148
96 5.734342207747569 142
97 12.745569382686975 154
98 7.662856480741661 144
99 7.6152071905862035 139
100 8.890509296747604 129
101 12.964705935731832 127
102 8.8222926284624 143
103 9.061782538649735 121
104 7.6512288410279545 146
105 8.820066924664198 128
106 10.092059034486233 137
107 10.393528969721672 145
108 10.091143669354588 152
109 11.403241376419603 123 119
110 11.428006655191947 118 125
111 10.165564967630269 150
112 12.905592241780719 126
113 6.830976219480717 122
114 5.310081083289663 131
115 8.957058824065914 120
116 8.820066924664198 134
117 14.021253411240437 153
118 8.820066924664236 155
119 5.611648846620531 124
120 8.821179689310886 133
121 8.967237435365586 149
122 5.688890733506647 159 160 126
123 8.180650782316892 159 142
124 9.017529995637506 131 154 160 161
125 9.017529995637453 137 145 161 127
126 17.991377718846913 162 158
127 17.991377718846966 162 121 152
128 9.644641899060398 153 163
129 9.644641899060398 144 156 163 139 146
130 3.874151161509045 166 165 164
131 7.825518264697286 167 135 164
132 15.65034752897768 157 165 167 168
133 15.778823801397712 166 168
134 48.693986602557054 169 134 140 150 128 133 143
135 24.38526752410608 169 155 129 170
136 33.344901178148596 148 125 124 135 170
137 12.127682406608244 123 171
138 12.635430592188087 172 171
139 12.635430592187975 172 173 138 147
140 12.635430592187975 174 173
141 12.635430592187975 122 174 175
142 5.780125190877992 175
143 31.011627299736805 176 120 149 130
144 11.93268119726475 176
145 25.790065378401458 157 177
146 15.463327405330459 156 177 158
147 11.072731270006399 151 136 138
148 7.9324404259415 140
149 14.001122673239887 130
0 0 33 63 32 17 11 41
